%YAML:1.0
---
M1: !!opencv-matrix
   rows: 3
   cols: 3
   dt: d
   data: [ 1.5354876831204940e+03, 0., 6.5180719915944292e+02, 0.,
       1.5345369493905705e+03, 6.4757794755599843e+02, 0., 0., 1. ]
D1: !!opencv-matrix
   rows: 1
   cols: 14
   dt: d
   data: [ -2.1640444351017682e-02, 5.9000992319374217e-02, 0., 0.,
       -3.4149002185982552e-03, 0., 0., 0., 0., 0., 0., 0., 0., 0. ]
M2: !!opencv-matrix
   rows: 3
   cols: 3
   dt: d
   data: [ 1.5354876831204940e+03, 0., 6.1644481448555678e+02, 0.,
       1.5345369493905705e+03, 5.8644321048141012e+02, 0., 0., 1. ]
D2: !!opencv-matrix
   rows: 1
   cols: 14
   dt: d
   data: [ -5.5362308758035378e-03, -1.1125321113015102e-01, 0., 0.,
       4.2681914383043212e-01, 0., 0., 0., 0., 0., 0., 0., 0., 0. ]
R: !!opencv-matrix
   rows: 3
   cols: 3
   dt: d
   data: [ 9.9995980701141307e-01, 8.7346099097857025e-03,
       -2.0226100517108533e-03, -8.7046587359121234e-03,
       9.9985883399245201e-01, 1.4371534488199906e-02,
       2.1478542754845135e-03, -1.4353350723022271e-02,
       9.9989467847620483e-01 ]
T: !!opencv-matrix
   rows: 3
   cols: 1
   dt: d
   data: [ -4.8160135592813580e+00, 6.9886242509475824e-02,
       4.6812214781776003e-02 ]
R1: !!opencv-matrix
   rows: 3
   cols: 3
   dt: d
   data: [ 9.9991274167215172e-01, -5.6341881691211121e-03,
       -1.1948429409567751e-02, 5.7195057989153824e-03,
       9.9995830709062372e-01, 7.1183800032146643e-03,
       1.1907824952385749e-02, -7.1860979765745528e-03,
       9.9990327717273453e-01 ]
R2: !!opencv-matrix
   rows: 3
   cols: 3
   dt: d
   data: [ 9.9984750676834833e-01, -1.4509009260547982e-02,
       -9.7186346466349247e-03, 1.4439123946414818e-02,
       9.9986966266629629e-01, -7.2228373404866755e-03,
       9.8221641595683737e-03, 7.0814073364262441e-03,
       9.9992668669325857e-01 ]
P1: !!opencv-matrix
   rows: 3
   cols: 4
   dt: d
   data: [ 1.6477012199694941e+03, 0., 6.5832453155517578e+02, 0., 0.,
       1.6477012199694941e+03, 6.1480007553100586e+02, 0., 0., 0., 1.,
       0. ]
P2: !!opencv-matrix
   rows: 3
   cols: 4
   dt: d
   data: [ 1.6477012199694941e+03, 0., 6.5832453155517578e+02,
       -7.9365616889576677e+03, 0., 1.6477012199694941e+03,
       6.1480007553100586e+02, 0., 0., 0., 1., 0. ]
Q: !!opencv-matrix
   rows: 4
   cols: 4
   dt: d
   data: [ 1., 0., 0., -6.5832453155517578e+02, 0., 1., 0.,
       -6.1480007553100586e+02, 0., 0., 0., 1.6477012199694941e+03, 0.,
       0., 2.0760894762047663e-01, 0. ]
H12: !!opencv-matrix
   rows: 3
   cols: 3
   dt: d
   data: [ 1.0144140490541838e+00, -1.9380310607238885e-02,
       -2.5346330976285708e+02, 1.1678459074332033e-03,
       1.0102432911373149e+00, -3.7266009434004538e+01,
       1.5943173694656344e-05, -7.9145767006172619e-07, 1. ]
